As of May 13 2017
/admin/lm/set?al=50,275,-18,120,-40,120,-40,-85&fn=0,100,57,206,82,40,0,100&lb=0,255,10,0,0&ld=7,240&pc0=2.4723753e-04,2.3402251e-04,1.3879768e-07,5,3&pc1=7.3431401e-4,2.1574370e-4,9.5156860e-8,10000,1&pc2=6.6852998e-4,2.2231020e-4,9.9680604e-8,10000,1&pc3=1.14061e-3,2.32134e-4,9.63666e-8,10000,1&pidd=4&pidi=0.0034&pidp=2.5&pn0=%20Thermocouple&pn1=%20Roast&pn2=%20Beast&pn3=%20Ambient&po=0,0,0,0&sp=30
/admin/lm/set?al=50,275,-18,120,-40,120,-40,-85
fn=0,100,57,206,82,40,0,100
lb=0,255,10,0,0
ld=7,240
pc0=2.4723753e-04,2.3402251e-04,1.3879768e-07,5,3
pc1=7.3431401e-4,2.1574370e-4,9.5156860e-8,10000,1
pc2=6.6852998e-4,2.2231020e-4,9.9680604e-8,10000,1
pc3=1.14061e-3,2.32134e-4,9.63666e-8,10000,1
pidd=4
pidi=0.0034
pidp=2.5
pn0=%20Thermocouple
pn1=%20Roast
pn2=%20Beast
pn3=%20Ambient
po=0,0,0,0
sp=30


As of Feb 5 2016 with Feb 3 snapshot:
/admin/lm/set?al=50,275,-18,120,-40,120,-40,-85&fn=0,60,57,206,82,60,0,100&lb=0,255,0,10,11&ld=7,30&pc0=2.4723753e-04,2.3402251e-04,1.3879768e-07,5,3&pc1=6.6852998e-4,2.2231020e-4,9.9680614e-8,10000,1&pc2=6.6852998e-4,2.2231020e-4,9.9680614e-8,10000,1&pc3=1.14061e-3,2.32134e-4,9.63666e-8,10000,1&pidd=6&pidi=0.0034&pidp=2.5&pn0=%20Thermocouple&pn1=%20Roast&pn2=%20Beast&pn3=%20Ambient&po=0,0,0,0&sp=30
# Line by line
/admin/lm/set?al=50,275,-18,120,-40,120,-40,-85
fn=0,60,57,206,82,60,0,100
lb=0,255,0,10,11
ld=7,30
pc0=2.4723753e-04,2.3402251e-04,1.3879768e-07,5,3
pc1=6.6852998e-4,2.2231020e-4,9.9680614e-8,10000,1
pc2=6.6852998e-4,2.2231020e-4,9.9680614e-8,10000,1
pc3=1.14061e-3,2.32134e-4,9.63666e-8,10000,1
pidd=6
pidi=0.0034
pidp=2.5
pn0=%20Thermocouple
pn1=%20Roast
pn2=%20Beast
pn3=%20Ambient
po=0,0,0,0
sp=30

As of Sept 12, 2015:
/admin/lm/set?al=-195,275,-18,190,-40,190,-40,-190&fn=0,50,57,206,82,70&lb=0,255,11,10,0&ld=10,240&pc0=2.4723753e-04,2.3402251e-04,1.3879768e-07,5,3&pc1=6.6853001e-04,2.2231022e-04,9.9680632e-08,10000,1&pc2=6.6853001e-04,2.2231022e-04,9.9680632e-08,10000,1&pc3=1.14061e-3,2.32134e-4,9.63666e-8,10000,1&pidb=0&pidd=6&pidi=0.0034&pidp=2.5&pn0=%20Thermocouple&pn1=%20&pn2=%20&pn3=%20Ambient&po=0,0,0,0&sp=70
# Line by line
fn=0,50,57,206,82,70
lb=0,255,11,10,0
ld=10,240
pc0=2.4723753e-04,2.3402251e-04,1.3879768e-07,5,3
pc1=6.6853001e-04,2.2231022e-04,9.9680632e-08,10000,1
pc2=6.6853001e-04,2.2231022e-04,9.9680632e-08,10000,1
pc3=1.14061e-3,2.32134e-4,9.63666e-8,10000,1
pidb=0
pidd=6
pidi=0.0034
pidp=2.5
pn0=%20Thermocouple
pn1=%20
pn2=%20
pn3=%20Ambient
po=0,0,0,0
sp=70

OLD:
/admin/lm/set?al=-210,-280,-18,-190,-40,-190,-40,-190&fn=1,30,57,206,18,70&lb=5,3,11,10,0&ld=7,240&pc0=2.4723753e-04,2.3402251e-04,1.3879768e-07,5,3&pc1=6.6853001e-04,2.2231022e-04,9.9680632e-08,10000,1&pc2=6.6853001e-04,2.2231022e-04,9.9680632e-08,10000,1&pc3=2.4723753e-04,2.3402251e-04,1.3879768e-07,10000,0&pidb=0&pidd=8&pidi=0.008&pidp=3&pn0=Pit%201%20TC&pn1=Shldr%20Prb%201&pn2=Shldr%20Prb%202&pn3=%20&po=0,0,0,0&sp=20
